	1990	1991	1992	1993	1994	1995	1996	1997	1998	1999	2000	2001	2002	2003	2004	2005	2006	2007	2008	2009	2010	2011	2012	2013	main city	latitude	longitude
Akron, OH	658	662	665	669	673	677	680	684	688	691	695	696	697	697	698	699	700	701	701	702	703	704	705	705	Akron, OH	41,073056	-81,517778
Albany됩chenectady됪roy, NY	810	812	813	815	816	818	820	821	823	824	826	831	835	840	844	849	853	858	862	867	871	876	880	885	Albany, GA	31,582222	-84,165556
Albuquerque, NM	599	612	625	638	651	665	678	691	704	717	730	746	761	777	793	809	824	840	856	871	887	903	918	934	Albuquerque, NM	35,110833	-106,61
Allentown됙ethlehem된aston, PA-NJ	687	692	698	703	708	714	719	724	729	735	740	748	756	764	772	781	789	797	805	813	821	829	837	845	Allentown, PA	40,601667	-75,477222
Anchorage, AK	266	271	277	282	288	293	298	304	309	315	320	326	332	338	344	351	357	363	369	375	381	387	393	399	Anchorage, AK	61,216667	-149,9
Ann Arbor, MI	283	287	291	295	299	303	307	311	315	319	323	325	327	330	332	334	336	338	341	343	345	347	349	352	Ann Arbor, MI	42,281389	-83,748333
Asheville, NC	308	314	320	326	332	339	345	351	357	363	369	375	380	386	391	397	403	408	414	419	425	431	436	442	Asheville, NC	35,58	-82,555833
Atlanta-Sandy Springs-Marietta, GA	3069	3187	3305	3423	3541	3659	3776	3894	4012	4130	4248	4350	4452	4554	4656	4759	4861	4963	5065	5167	5269	5371	5473	5575	Atlanta, GA	33,755	-84,39
Atlantic City-Hammonton, NJ	224	227	230	233	236	239	241	244	247	250	253	255	257	260	262	264	266	268	271	273	275	277	279	282	Atlantic City, NJ	39,377297	-74,451082
Augusta-Richmond County, GA-SC	436	442	449	455	462	468	474	481	487	494	500	506	511	517	523	529	534	540	546	551	557	563	568	574	Augusta, GA	33,466667	-81,966667
Austin-Round Rock, TX	846	886	927	967	1008	1048	1088	1129	1169	1210	1250	1297	1343	1390	1436	1483	1530	1576	1623	1669	1716	1763	1809	1856	Austin, TX	30,25	-97,75
Bakersfield, CA	545	557	568	580	592	604	615	627	639	650	662	680	698	715	733	751	769	787	804	822	840	858	876	893	Bakersfield, CA	35,366667	-119,016667
Baltimore-Towson, MD	2382	2399	2416	2433	2450	2468	2485	2502	2519	2536	2553	2569	2584	2600	2616	2632	2647	2663	2679	2694	2710	2726	2741	2757	Baltimore, MD	39,283333	-76,616667
Baton Rouge, LA	624	632	640	649	657	665	673	681	690	698	706	716	725	735	744	754	764	773	783	792	802	812	821	831	Baton Rouge, TA	30,448611	-91,125833
Beaumont-Port Arthur, TX	361	363	366	368	371	373	375	378	380	383	385	385	386	386	387	387	387	388	388	389	389	389	390	390	Beaumont, TX	30,08	-94,126667
Binghampton, NY	264	263	262	260	259	258	257	256	254	253	252	252	252	252	252	252	252	252	252	252	252	252	252	252	Binghampton, NY	42,102222	-75,911667
Birmingham-Hoover, AL	957	967	976	986	995	1005	1014	1024	1033	1043	1052	1060	1067	1075	1082	1090	1098	1105	1113	1120	1128	1136	1143	1151	Birmingham, AL	33,653333	-86,808889
Boise City-Nampa, ID	320	335	349	364	378	393	407	422	436	451	465	480	495	511	526	541	556	571	587	602	617	632	647	663	Boise, ID	43,616667	-116,2
Boston-Cambridge-Quincy, MA-NH	4134	4160	4185	4211	4237	4263	4288	4314	4340	4365	4391	4407	4423	4439	4455	4472	4488	4504	4520	4536	4552	4568	4584	4600	Boston, MA	42,358056	-71,063611
Boulder, CO	209	215	221	227	233	240	246	252	258	264	270	273	275	278	280	283	285	288	290	293	295	298	300	303	Boulder, CO	40,019444	-105,292778
Bremerton-Silverdale, WA	190	194	198	203	207	211	215	219	224	228	232	234	236	238	240	242	243	245	247	249	251	253	255	257	Bremerton, WA	47,57	-122,6525
Bridgeport-Stamford-Norwalk, CT	828	834	839	845	850	856	861	867	872	878	883	886	890	893	897	900	903	907	910	914	917	920	924	927	Bridgeport, CT	41,186389	-73,195556
Brownsville-Harlingen, TX	260	268	275	283	290	298	305	313	320	328	335	342	349	356	363	371	378	385	392	399	406	413	420	427	Brownsville, TX	25,930278	-97,484444
Buffalo-Niagara Falls, NY	1189	1187	1185	1183	1181	1180	1178	1176	1174	1172	1170	1167	1163	1160	1156	1153	1150	1146	1143	1139	1136	1133	1129	1126	Buffalo, NY	42,904722	-78,849444
Canton-Massillon, OH	394	395	397	398	399	401	402	403	404	406	407	407	406	406	406	406	405	405	405	404	404	404	403	403	Canton, OH	40,805	-81,375833
Cape Coral-Fort Myers, FL	335	346	356	367	377	388	399	409	420	430	441	459	477	494	512	530	548	566	583	601	619	637	655	672	Cape Coral, FL	26,639722	-81,9825
Cedar Rapids, IA	211	214	216	219	221	224	227	229	232	234	237	239	241	243	245	248	250	252	254	256	258	260	262	264	Cedar Rapids, IA	41,983056	-91,668611
Charleston, WV	308	308	308	309	309	309	309	309	310	310	310	309	309	308	308	307	306	306	305	305	304	303	303	302	Charleston, WV	38,347222	-81,633333
Charleston-North Charleston-Summerville, SC	507	511	515	520	524	528	532	536	541	545	549	561	572	584	595	607	619	630	642	653	665	677	688	700	Charleston, SC	32,783333	-79,933333
Charlotte-Gastonia-Concord, NC-SC	1025	1056	1086	1117	1147	1178	1208	1239	1269	1300	1330	1373	1416	1458	1501	1544	1587	1630	1672	1715	1758	1801	1844	1886	Charlotte, NC	35,226944	-80,843333
Chattanooga, TN-GA	433	437	442	446	451	455	459	464	468	473	477	482	487	492	497	503	508	513	518	523	528	533	538	543	Chattanooga, TN	35,045556	-85,267222
Chicago-Joliet-Naperville-Joliet, IL-IN-WI	8182	8274	8365	8457	8548	8640	8732	8823	8915	9006	9098	9134	9171	9207	9243	9280	9316	9352	9388	9425	9461	9497	9534	9570	Chicago, IL	41,881944	-87,627778
Cincinnati-Middletown, OH-KY-IN	1845	1862	1878	1895	1911	1928	1944	1961	1977	1994	2010	2022	2034	2046	2058	2070	2082	2094	2106	2118	2130	2142	2154	2166	Cincinnati, OH	39,1	-84,516667
Clarksville, TN-KY	189	193	198	202	206	211	215	219	223	228	232	236	240	245	249	253	257	261	266	270	274	278	282	287	Clarksville, TN	36,529722	-87,359167
Cleveland-Elyria-Mentor, OH	2102	2107	2111	2116	2120	2125	2130	2134	2139	2143	2148	2141	2134	2127	2120	2113	2105	2098	2091	2084	2077	2070	2063	2056	Cleveland, OH	41,482222	-81,669722
Colorado Springs, CO	409	422	435	447	460	473	486	499	511	524	537	548	559	570	581	592	602	613	624	635	646	657	668	679	Colorado Springs, CO	38,863333	-104,791944
Columbia, SC	549	559	569	578	588	598	608	618	627	637	647	659	671	683	695	708	720	732	744	756	768	780	792	804	Columbia, SC	34,000833	-81,035278
Columbus, GA-AL	266	268	269	271	272	274	276	277	279	280	282	283	285	286	287	289	290	291	292	294	295	296	298	299	Columbus, GA	32,492222	-84,940278
Columbus, OH	1405	1426	1447	1467	1488	1509	1530	1551	1571	1592	1613	1635	1658	1680	1703	1725	1747	1770	1792	1815	1837	1859	1882	1904	Columbus, OH	39,983333	-82,983333
Corpus Christi, TX	368	372	375	379	382	386	389	393	396	400	403	406	408	411	413	416	418	421	423	426	428	431	433	436	Corpus Christi, TX	27,742778	-97,401944
Dallas Fort Worth-Arlington, TX	3989	4106	4224	4341	4458	4576	4693	4810	4927	5045	5162	5283	5404	5525	5646	5767	5888	6009	6130	6251	6372	6493	6614	6735	Dallas, TX	32,775833	-96,796667
Davenport-Moline-Rock Island, IA-IL	368	369	370	370	371	372	373	374	374	375	376	376	377	377	378	378	378	379	379	380	380	380	381	381	Davenport, IA	41,543056	-90,590833
Dayton, OH	844	844	845	845	846	846	846	847	847	848	848	847	847	846	846	845	844	844	843	843	842	841	841	840	Dayton, OH	39,759444	-84,191667
Deltona-Daytona Beach-Ormond Beach, FL	371	378	385	393	400	407	414	421	429	436	443	448	453	459	464	469	474	479	485	490	495	500	505	511	Deltona, FL	28,905	-81,211111
Denver-Aurora-Broomfield, CO	1667	1718	1769	1821	1872	1923	1974	2025	2077	2128	2179	2215	2252	2288	2325	2361	2397	2434	2470	2507	2543	2579	2616	2652	Denver, CO	39,739167	-104,984722
Des Moines-West Des Moines, IA	416	423	429	436	442	449	455	462	468	475	481	490	499	508	517	526	534	543	552	561	570	579	588	597	Des Moines, IA	41,590833	-93,620833
Detroit-Warren-Livonia, MI	4249	4269	4290	4310	4331	4351	4371	4392	4412	4433	4453	4437	4422	4406	4390	4375	4359	4343	4327	4312	4296	4280	4265	4249	Detroit, MI	42,331389	-83,045833
Duluth, MN-WI	269	270	270	271	271	272	273	273	274	274	275	276	276	277	277	278	278	279	279	280	280	281	281	282	Duluth, MN	46,786939	-92,098194
Durham-Chapel Hill, NC	345	353	361	369	377	386	394	402	410	418	426	434	442	449	457	465	473	481	488	496	504	512	520	527	Durham, NC	35,988611	-78,907222
El Paso, TX	592	601	610	618	627	636	645	654	662	671	680	692	704	716	728	741	753	765	777	789	801	813	825	837	El Paso, TX	31,790278	-106,423333
Erie, PA	276	277	277	278	278	279	279	280	280	281	281	281	281	281	281	281	281	281	281	281	281	281	281	281	Erie, PA	42,129561	-80,085214
Eugene-Springfield, OR	283	287	291	295	299	303	307	311	315	319	323	326	329	332	335	338	340	343	346	349	352	355	358	361	Eugene, OR	44,051944	-123,086667
Evansville, IN-KY	325	327	329	330	332	334	336	338	339	341	343	345	346	348	349	351	353	354	356	357	359	361	362	364	Evansville, IN	37,977222	-87,550556
Fayetteville, NC	298	302	306	310	314	318	321	325	329	333	337	340	343	346	349	352	354	357	360	363	366	369	372	375	Fayetteville, NC	35,0525	-78,878056
Fayetteville-Springdale-Rogers, AR-MO	239	250	261	271	282	293	304	315	325	336	347	359	370	382	393	405	417	428	440	451	463	475	486	498	Fayetteville, AR	36,076389	-94,160833
Flint, MI	430	431	431	432	432	433	434	434	435	435	436	435	434	433	432	431	430	429	428	427	426	425	424	423	Flint, MI	43,01	-83,69
Fort Collins-Loveland, CO	186	193	199	206	212	219	225	232	238	245	251	256	261	266	271	276	280	285	290	295	300	305	310	315	Fort Collins, CO	40,559167	-105,078056
Fort Smith, AR-OK	234	238	242	246	250	254	257	261	265	269	273	276	278	281	283	286	289	291	294	296	299	302	304	307	Fort Smith, AR	35,368611	-94,398611
Fort Wayne, IN	354	358	361	365	368	372	376	379	383	386	390	393	395	398	400	403	406	408	411	413	416	419	421	424	Fort Wayne, IN	41,08045	-85,13915
Fresno, CA	667	680	693	707	720	733	746	759	773	786	799	812	825	838	851	865	878	891	904	917	930	943	956	969	Fresno, CA	36,75	-119,766667
Gainesville, FL	191	195	199	203	207	212	216	220	224	228	232	235	238	242	245	248	251	254	258	261	264	267	270	274	Gainesville, FL	29,651997	-82,324992
Grand Rapids-Wyoming, MI	646	655	665	674	684	693	702	712	721	731	740	743	747	750	754	757	760	764	767	771	774	777	781	784	Grand Rapids, MI	42,96125	-85,655719
Greeley, CO	132	137	142	147	152	157	161	166	171	176	181	188	195	203	210	217	224	231	239	246	253	260	267	275	Greeley, CO	40,416667	-104,716667
Green Bay, WI	244	248	252	256	260	264	267	271	275	279	283	285	288	290	292	295	297	299	301	304	306	308	311	313	Green Bay, WI	44,513333	-88,015833
Greensboro-High Point, NC	540	550	561	571	581	592	602	612	622	633	643	651	659	667	675	684	692	700	708	716	724	732	740	748	Greensboro, NC	36,08	-79,819444
Greenville-Mauldin-Easley, SC	472	481	490	498	507	516	525	534	542	551	560	568	575	583	591	599	606	614	622	629	637	645	652	660	Greenville, SC	34,844444	-82,385556
Hagerstown-Martinsburg, MD-WV	193	196	199	202	205	208	211	214	217	220	223	228	232	237	241	246	251	255	260	264	269	274	278	283	Hagerstown, MD	39,642778	-77,72
Harrisburg-Carlisle, PA	474	478	481	485	488	492	495	499	502	506	509	513	517	521	525	529	533	537	541	545	549	553	557	561	Harrisburg, PA	40,269722	-76,875556
Hartford-West Hartford-East Hartford, CT	1124	1127	1129	1132	1134	1137	1139	1142	1144	1147	1149	1155	1162	1168	1174	1181	1187	1193	1199	1206	1212	1218	1225	1231	Hartford, CT	41,762736	-72,674286
Hickory-Lenoir-Morganton, NC	292	297	302	307	312	317	322	327	332	337	342	344	347	349	351	354	356	358	360	363	365	367	370	372	Hickory, NC	35,737778	-81,328333
Holland-Grand Haven, MI	188	193	198	203	208	213	218	223	228	233	238	241	243	246	248	251	254	256	259	261	264	267	269	272	Holland, MI	42,783333	-86,1
Honolulu, HI	836	840	844	848	852	856	860	864	868	872	876	884	891	899	907	915	922	930	938	945	953	961	968	976	Honolulu, HI	21,466667	-157,966667
Houston-Sugar Land-Baytown, TX	3767	3862	3957	4051	4146	4241	4336	4431	4525	4620	4715	4838	4961	5085	5208	5331	5454	5577	5701	5824	5947	6070	6193	6317	Houston, TX	29,762778	-95,383056
Huntington-Ashland, WV-KY-OH	288	288	288	288	288	289	289	289	289	289	289	289	289	289	289	289	288	288	288	288	288	288	288	288	Huntington, WV	38,420833	-82,423611
Huntsville, AL	293	298	303	308	313	318	322	327	332	337	342	350	357	365	372	380	388	395	403	410	418	426	433	441	Huntsville, AL	34,73	-86,585
Indianapolis-Carmel, IN	1294	1317	1340	1363	1386	1410	1433	1456	1479	1502	1525	1548	1571	1594	1617	1641	1664	1687	1710	1733	1756	1779	1802	1825	Indianapolis, IN	39,791	-86,148
Jackson, MS	447	452	457	462	467	472	477	482	487	492	497	501	505	510	514	518	522	526	531	535	539	543	547	552	Jackson, MS	32,298889	-90,184722
Jacksonville, FL	925	945	965	984	1004	1024	1044	1064	1083	1103	1123	1145	1168	1190	1212	1235	1257	1279	1301	1324	1346	1368	1391	1413	Jacksonville, FL	30,336944	-81,661389
Kalamazoo-Portage, MI	293	295	297	300	302	304	306	308	311	313	315	316	317	319	320	321	322	323	325	326	327	328	329	331	Kalamazoo, MI	42,29	-85,585833
Kansas City, MO-KS	1637	1657	1677	1697	1717	1737	1756	1776	1796	1816	1836	1856	1876	1896	1916	1936	1955	1975	1995	2015	2035	2055	2075	2095	Kansas City, MO	39,099722	-94,578333
Kennewick-Pasco-Richland, WA	150	154	158	163	167	171	175	179	184	188	192	198	204	210	216	223	229	235	241	247	253	259	265	271	Kennewick, WA	46,203475	-119,15927
Killeen-Temple-Fort Hood, TX	269	275	281	288	294	300	306	312	319	325	331	338	346	353	361	368	375	383	390	398	405	412	420	427	Killeen, TX	31,105556	-97,726667
Kingsport-Bristol-Bristol, TN-VA	276	278	280	283	285	287	289	291	294	296	298	299	300	302	303	304	305	306	308	309	310	311	312	314	Kingsport, TN	36,533333	-82,55
Knoxville, TN	535	543	551	559	567	576	584	592	600	608	616	624	632	641	649	657	665	673	682	690	698	706	714	723	Knoxville, TN	35,972778	-83,942222
Lafayette, LA	209	212	215	218	221	224	227	230	233	236	239	243	246	250	253	257	260	264	267	271	274	278	281	285	Lafayette, LA	30,216667	-92,033333
Lakeland-Winter Haven, FL	405	413	421	429	437	445	452	460	468	476	484	496	508	519	531	543	555	567	578	590	602	614	626	637	Lakeland, FL	28,041111	-81,958889
Lancaster, PA	423	428	433	437	442	447	452	457	461	466	471	476	481	485	490	495	500	505	509	514	519	524	529	533	Lancaster, PA	40,039722	-76,304444
Lansing-East Lansing, MI	433	435	436	438	439	441	442	444	445	447	448	450	451	453	454	456	458	459	461	462	464	466	467	469	Lansing, MI	42,733611	-84,546667
Laredo, TX	133	139	145	151	157	163	169	175	181	187	193	199	204	210	216	222	227	233	239	244	250	256	261	267	Laredo, TX	27,524445	-99,490593
Las Vegas-Paradise, NV	741	805	868	932	995	1059	1122	1186	1249	1313	1376	1434	1491	1549	1606	1664	1721	1779	1836	1894	1951	2009	2066	2124	Las Vegas, NV	36,175	-115,136389
Lexington-Fayette, KY	348	354	360	366	372	378	384	390	396	402	408	414	421	427	434	440	446	453	459	466	472	478	485	491	Lexington, KY	38,029722	-84,494722
Lincoln, NE	229	233	237	240	244	248	252	256	259	263	267	271	274	278	281	285	288	292	295	299	302	306	309	313	Lincoln, NE	40,810556	-96,680278
Little Rock-North Little Rock-Conway, AR	535	543	550	558	565	573	581	588	596	603	611	620	629	638	647	656	664	673	682	691	700	709	718	727	Little Rock, AR	34,736111	-92,331111
Los Angeles-Long Beach-Santa Ana, CA	11274	11383	11492	11602	11711	11820	11929	12038	12148	12257	12366	12412	12459	12505	12551	12598	12644	12690	12736	12783	12829	12875	12922	12968	Los Angeles, CA	34,05	-118,25
Louisville/Jefferson County, KY-IN	1056	1067	1077	1088	1098	1109	1120	1130	1141	1151	1162	1174	1186	1199	1211	1223	1235	1247	1260	1272	1284	1296	1308	1321	Louisville, Ky	38,25	-85,766667
Lubbock, TX	230	232	234	236	238	240	242	244	246	248	250	254	257	261	264	268	271	275	278	282	285	289	292	296	Lubbock, TX	33,566667	-101,883333
Lynchburg, VA	206	208	211	213	215	218	220	222	224	227	229	231	234	236	239	241	243	246	248	251	253	255	258	260	Lynchburg, VA	37,403672	-79,170205
Madison, WI	432	439	446	453	460	467	474	481	488	495	502	509	515	522	529	536	542	549	556	562	569	576	582	589	Madison, WI	43,066667	-89,4
Manchester-Nashua, NH	336	341	345	350	354	359	363	368	372	377	381	383	385	387	389	391	393	395	397	399	401	403	405	407	Manchester, NH	42,990833	-71,463611
McAllen-Edinburg-Mission, TX	384	403	421	440	458	477	495	514	532	551	569	590	610	631	651	672	693	713	734	754	775	796	816	837	McAllen, TX	26,216389	-98,236389
Memphis, TN-MS-AR	1067	1081	1095	1108	1122	1136	1150	1164	1177	1191	1205	1216	1227	1238	1249	1261	1272	1283	1294	1305	1316	1327	1338	1349	Memphis, TN	35,117365	-89,971068
Merced, CA	178	181	185	188	191	195	198	201	204	208	211	216	220	225	229	234	238	243	247	252	256	261	265	270	Merced, CA	37,3	-120,483333
Miami-Fort Lauderdale-Pompano Beach, FL	4056	4151	4246	4342	4437	4532	4627	4722	4818	4913	5008	5064	5119	5175	5231	5287	5342	5398	5454	5509	5565	5621	5676	5732	Miami, FL	25,787676	-80,224145
Milwaukee-Waukesha-West Allis, WI	1432	1439	1446	1453	1460	1467	1473	1480	1487	1494	1501	1507	1512	1518	1523	1529	1534	1540	1545	1551	1556	1562	1567	1573	Milwaukee, WI	43,05	-87,95
Minneapolis-St. Paul-Bloomington, MN-WI	2539	2582	2625	2668	2711	2754	2797	2840	2883	2926	2969	3000	3031	3062	3093	3125	3156	3187	3218	3249	3280	3311	3342	3373	Minneapolis, MN	44,983333	-93,266667
Mobile, AL	379	381	383	385	387	390	392	394	396	398	400	401	403	404	405	407	408	409	410	412	413	414	416	417	Mobile, AL	30,694444	-88,043056
Modesto, CA	371	379	386	394	401	409	417	424	432	439	447	454	460	467	474	481	487	494	501	507	514	521	527	534	Modesto, CA	37,661389	-120,994444
Montgomery, AL	305	309	313	318	322	326	330	334	339	343	347	350	353	355	358	361	364	367	369	372	375	378	381	383	Montgomery, AL	32,361667	-86,279167
Myrtle Beach-North Myrtle Beach-Conway, SC	144	149	155	160	165	171	176	181	186	192	197	204	211	219	226	233	240	247	255	262	269	276	283	291	Myrtle Beach, SC	33,716667	-78,883333
Naples-Marco Island, FL	152	162	172	182	192	202	211	221	231	241	251	258	265	272	279	287	294	301	308	315	322	329	336	343	Naples, FL	26,15	-81,8
Nashville-Davidson-Murfreesboro-Franklin, TN	1048	1074	1101	1127	1154	1180	1206	1233	1259	1286	1312	1340	1368	1395	1423	1451	1479	1507	1534	1562	1590	1618	1646	1673	Nashville, TN	36,166667	-86,783333
New Haven-Milford, CT	804	806	808	810	812	814	816	818	820	822	824	828	832	835	839	843	847	851	854	858	862	866	870	873	New Haven, CT	41,31	-72,923611
New Orleans-Metairie-Kenner, LA	1264	1269	1275	1280	1285	1291	1296	1301	1306	1312	1317	1302	1287	1272	1257	1243	1228	1213	1198	1183	1168	1153	1138	1123	New Orleans, LA	29,966667	-90,05
New York-Northern New Jersey-Long Island, NY-NJ-PA	16846	16994	17141	17289	17437	17585	17732	17880	18028	18175	18323	18380	18438	18495	18553	18610	18667	18725	18782	18840	18897	18954	19012	19069	New York, NY	40,7127	-74,0059
North Port-Bradenton-Sarasota, FL	489	499	509	519	529	540	550	560	570	580	590	601	612	624	635	646	657	668	680	691	702	713	724	736	North Port	27,066111	-82,171944
Norwich-New London, CT	255	255	256	256	257	257	257	258	258	259	259	261	262	264	265	267	268	270	271	273	274	276	277	279	Norwich, CT	41,550278	-72,0875
Ocala, FL	195	201	208	214	221	227	233	240	246	253	259	266	273	281	288	295	302	309	317	324	331	338	345	353	Ocala, FL	29,187778	-82,130556
Ogden-Clearfield, UT	352	361	370	379	388	398	407	416	425	434	443	453	464	474	485	495	505	516	526	537	547	557	568	578	Ogden, UT	41,227778	-111,961111
Oklahoma City, OK	971	983	996	1008	1021	1033	1045	1058	1070	1083	1095	1111	1127	1142	1158	1174	1190	1206	1221	1237	1253	1269	1285	1300	Oklahoma City, OK	35,482222	-97,535
Olympia, WA	161	166	170	175	179	184	189	193	198	202	207	212	216	221	225	230	234	239	243	248	252	257	261	266	Olympia, WA	47,0425	-122,893056
Omaha-Council Bluffs, NE-IA	686	694	702	710	718	727	735	743	751	759	767	777	787	796	806	816	826	836	845	855	865	875	885	894	Omaha, NE	41,25	-96
Orlando-Kissimmee-Sanford, FL	1225	1267	1309	1351	1393	1435	1477	1519	1561	1603	1645	1694	1743	1792	1841	1890	1938	1987	2036	2085	2134	2183	2232	2281	Orlando, FL	28,415833	-81,298889
Oxnard-Thousand Oaks-Ventura, CA	669	677	686	694	703	711	719	728	736	745	753	760	767	774	781	788	795	802	809	816	823	830	837	844	Oxnard, CA	34,191389	-119,1825
Palm Bay-Melbourne-Titusville, FL	399	407	414	422	430	438	445	453	461	468	476	483	489	496	503	510	516	523	530	536	543	550	556	563	Palm Bay, FL	27,997922	-80,670008
Pensacola-Ferry Pass-Brent, FL	344	351	358	364	371	378	385	392	398	405	412	416	419	423	427	431	434	438	442	445	449	453	456	460	Pensacola, FL	30,433333	-87,2
Peoria, IL	359	360	361	361	362	363	364	365	365	366	367	368	369	371	372	373	374	375	377	378	379	380	381	383	Peoria, IL	40,720833	-89,609444
Philadelphia-Camden-Wilmington, PA-NJ-DE-MD	5436	5461	5486	5511	5536	5562	5587	5612	5637	5662	5687	5715	5743	5770	5798	5826	5854	5882	5909	5937	5965	5993	6021	6048	Philadelphia, PA	39,95	-75,166667
Phoenix-Mesa-Glendale, AZ	2238	2339	2441	2542	2644	2745	2846	2948	3049	3151	3252	3346	3440	3534	3628	3723	3817	3911	4005	4099	4193	4287	4381	4475	Phoenix, AZ	33,45	-112,066667
Pittsburgh, PA	2468	2464	2461	2457	2453	2450	2446	2442	2438	2435	2431	2424	2416	2409	2401	2394	2386	2379	2371	2364	2356	2349	2341	2334	Pittsburgh, PA	40,441667	-80
Portland됩outh Portland됙iddeford, ME	441	446	450	455	460	465	469	474	479	483	488	491	493	496	498	501	504	506	509	511	514	517	519	522	Portland, ME	43,666667	-70,266667
Portland됬ancouver됟illsboro, OR-WA	1524	1564	1605	1645	1686	1726	1766	1807	1847	1888	1928	1958	1988	2017	2047	2077	2107	2137	2166	2196	2226	2256	2286	2315	Portland, OR	45,52	-122,681944
Port St. Lucie, FL	251	258	265	271	278	285	292	299	305	312	319	330	340	351	361	372	382	393	403	414	424	435	445	456	Port St. Lucie, FL	27,275833	-80,355
Poughkeepsie됥ewburgh됤iddletown, NY	567	573	578	584	589	595	600	606	611	617	622	627	632	636	641	646	651	656	660	665	670	675	680	684	Poughkeepsie, NY	41,7	-73,916667
Providence됥ew Bedford됝all River, RI-MA	1510	1517	1525	1532	1539	1547	1554	1561	1568	1576	1583	1585	1587	1588	1590	1592	1594	1596	1597	1599	1601	1603	1605	1606	Providence, RI	41,823611	-71,422222
Provo됦rem, UT	269	280	291	301	312	323	334	345	355	366	377	392	407	422	437	452	467	482	497	512	527	542	557	572	Provo, UT	40,244444	-111,660833
Raleigh됚ary, NC	544	569	595	620	645	671	696	721	746	772	797	830	864	897	930	964	997	1030	1063	1097	1130	1163	1197	1230	Raleigh, NC	35,780556	-78,638889
Reading, PA	337	341	344	348	352	356	359	363	367	370	374	378	381	385	389	393	396	400	404	407	411	415	418	422	Reading, PA	40,341667	-75,926389
Reno됩parks, NV	257	266	274	283	291	300	309	317	326	334	343	351	359	368	376	384	392	400	409	417	425	433	441	450	Reno, NV	39,527222	-119,821944
Richmond, VA	949	964	979	993	1008	1023	1038	1053	1067	1082	1097	1113	1129	1145	1161	1178	1194	1210	1226	1242	1258	1274	1290	1306	Richmond, VA	37,533333	-77,466667
Riverside됩an Bernardino됦ntario, CA	2589	2656	2722	2789	2855	2922	2989	3055	3122	3188	3255	3352	3449	3546	3643	3740	3837	3934	4031	4128	4225	4322	4419	4516	Riverside, CA	33,948056	-117,396111
Roanoke, VA	269	271	273	275	277	279	280	282	284	286	288	290	292	294	296	299	301	303	305	307	309	311	313	315	Roanoke, VA	37,266667	-79,933333
Rochester, NY	1002	1006	1009	1013	1016	1020	1024	1027	1031	1034	1038	1040	1041	1043	1044	1046	1048	1049	1051	1052	1054	1056	1057	1059	Rochester, NY	43,165556	-77,611389
Rockford, IL	284	288	291	295	298	302	306	309	313	316	320	323	326	329	332	335	337	340	343	346	349	352	355	358	Rockford, IL	42,269722	-89,069722
Sacramento되rden되rcadeRoseville, CA	1481	1513	1544	1576	1607	1639	1671	1702	1734	1765	1797	1832	1867	1903	1938	1973	2008	2043	2079	2114	2149	2184	2219	2255	Sacramento, CA	38,555556	-121,468889
St. Louis, MO-IL	2581	2593	2605	2616	2628	2640	2652	2664	2675	2687	2699	2710	2722	2733	2745	2756	2767	2779	2790	2802	2813	2824	2836	2847	St. Louis, MO	38,627222	-90,197778
Salem, OR	278	285	292	299	306	313	319	326	333	340	347	351	356	360	365	369	373	378	382	387	391	395	400	404	Salem, OR	44,930833	-123,028889
Salinas, CA	356	361	365	370	374	379	384	388	393	397	402	403	405	406	407	409	410	411	412	414	415	416	418	419	Salinas, CA	36,677778	-121,655556
Salt Lake City, UT	768	788	808	828	848	869	889	909	929	949	969	985	1000	1016	1031	1047	1062	1078	1093	1109	1124	1140	1155	1171	Salt Lake City, UT	40,75	-111,883333
San Antonio-New Braunfels, TX	1408	1438	1469	1499	1530	1560	1590	1621	1651	1682	1712	1755	1798	1841	1884	1928	1971	2014	2057	2100	2143	2186	2229	2272	San Antonio, TX	29,416667	-98,5
San Diego됚arlsbad됩an Marcos, CA	2498	2530	2561	2593	2624	2656	2688	2719	2751	2782	2814	2842	2870	2898	2926	2955	2983	3011	3039	3067	3095	3123	3151	3179	San Diego, CA	32,715	-117,1625
San Francisco됦akland됝remont, CA	3684	3728	3772	3816	3860	3904	3948	3992	4036	4080	4124	4145	4166	4187	4208	4230	4251	4272	4293	4314	4335	4356	4377	4398	San Francisco, CA	37,783333	-122,416667
San Jose됩unnyvale됩anta Clara, CA	1534	1554	1574	1595	1615	1635	1655	1675	1696	1716	1736	1746	1756	1766	1776	1787	1797	1807	1817	1827	1837	1847	1857	1867	San Jose, CA	37,333333	-121,9
San Luis Obispo됧aso Robles, CA	217	220	223	226	229	232	235	238	241	244	247	249	252	254	256	259	261	263	265	268	270	272	275	277	San Luis Obispo, CA	35,274167	-120,663056
Santa Barbara됩anta Maria됞oleta, CA	370	373	376	379	382	385	387	390	393	396	399	402	404	407	409	412	414	417	419	422	424	427	429	432	Santa Maria, CA	34,951389	-120,433333
Santa Cruz됭atsonville, CA	230	233	235	238	240	243	246	248	251	253	256	257	257	258	258	259	260	260	261	261	262	263	263	264	Santa Cruz, CA	36,97205	-122,026252
Santa Rosa됧etaluma, CA	388	395	402	409	416	424	431	438	445	452	459	462	464	467	469	472	474	477	479	482	484	487	489	492	Santa Rosa, CA	38,448611	-122,704722
Savannah, GA	258	262	265	269	272	276	279	283	286	290	293	299	304	310	315	321	326	332	337	343	348	354	359	365	Savannah, GA	32,016667	-81,116667
Scranton됭ilkes됙arre, PA	575	574	572	571	569	568	567	565	564	562	561	561	562	562	562	563	563	563	563	564	564	564	565	565	Scranton, PA	41,410556	-75,6675
Seattle됪acoma됙ellevue, WA	2559	2608	2656	2705	2753	2802	2850	2899	2947	2996	3044	3084	3123	3163	3202	3242	3282	3321	3361	3400	3440	3480	3519	3559	Seattle, WA	47,609722	-122,333056
Shreveport됙ossier City, LA	360	362	363	365	366	368	370	371	373	374	376	378	381	383	385	388	390	392	394	397	399	401	404	406	Shreveport, LA	32,514722	-93,747222
South Bend됤ishawaka, IN-MI	297	299	301	303	305	307	309	311	313	315	317	317	317	318	318	318	318	318	319	319	319	319	319	320	South Bend, IN	41,6725	-86,255278
Spartanburg, SC	227	230	232	235	238	241	243	246	249	251	254	257	260	263	266	269	272	275	278	281	284	287	290	293	Spartanburg, SC	34,946667	-81,9275
Spokane, WA	361	367	372	378	384	390	395	401	407	412	418	423	429	434	439	445	450	455	460	466	471	476	482	487	Spokane, WA	47,658889	-117,425
Springfield, MA	673	674	674	675	676	677	677	678	679	679	680	681	683	684	685	687	688	689	690	692	693	694	696	697	Springfield, MA	42,112411	-72,547455
Springfield, MO	299	306	313	320	327	334	340	347	354	361	368	375	382	389	396	403	409	416	423	430	437	444	451	458	Springfield, MO	37,195	-93,286111
Stockton, CA	481	489	498	506	514	523	531	539	547	556	564	576	588	600	612	625	637	649	661	673	685	697	709	721	Stockton, CA	37,975556	-121,300833
Syracuse, NY	660	659	658	657	656	655	654	653	652	651	650	651	653	654	655	657	658	659	660	662	663	664	666	667	Syracuse, NY	43,046944	-76,144444
Tallahassee, FL	259	265	271	277	283	290	296	302	308	314	320	325	329	334	339	344	348	353	358	362	367	372	376	381	Tallahassee, FL	30,455	-84,253333
Tampa됩t. Petersburg됚learwater, FL	2068	2101	2134	2166	2199	2232	2265	2298	2330	2363	2396	2435	2473	2512	2551	2590	2628	2667	2706	2744	2783	2822	2860	2899	Tampa, FL	27,971	-82,465
Toledo, OH	654	655	655	656	656	657	657	658	658	659	659	658	657	657	656	655	654	653	653	652	651	650	649	649	Toledo, OH	41,665556	-83,575278
Trenton된wing, NJ	326	329	331	334	336	339	341	344	346	349	351	353	354	356	357	359	361	362	364	365	367	369	370	372	Hamilton Township	40,20704	-74,674431
Tucson, AZ	667	685	702	720	738	756	773	791	809	826	844	858	871	885	898	912	926	939	953	966	980	994	1007	1021	Tucson, AZ	32,221667	-110,926389
Tulsa, OK	761	771	781	791	801	811	820	830	840	850	860	868	875	883	891	899	906	914	922	929	937	945	952	960	Tulsa, OK	36,131389	-95,937222
UticaRome, NY	317	315	314	312	310	309	307	305	303	302	300	300	300	300	300	300	299	299	299	299	299	299	299	299	Utica, NY	43,096569	-75,231887
Vallejo됝airfield, CA	339	345	350	356	361	367	373	378	384	389	395	397	399	400	402	404	406	408	409	411	413	415	417	418	Vallejo, CA	38,113056	-122,235833
Virginia Beach됥orfolk됥ewport News, VA됥C	1451	1464	1476	1489	1501	1514	1526	1539	1551	1564	1576	1586	1595	1605	1614	1624	1634	1643	1653	1662	1672	1682	1691	1701	Virginia Beach, VA	36,8506	-75,9779
Visalia됧orterville, CA	312	318	323	329	334	340	346	351	357	362	368	375	383	390	398	405	412	420	427	435	442	449	457	464	Visalia, CA	36,316667	-119,3
Washington되rlington되lexandria, DC됬A됤D됭V	4122	4189	4257	4324	4392	4459	4526	4594	4661	4729	4796	4875	4953	5032	5110	5189	5268	5346	5425	5503	5582	5661	5739	5818	Washington, DC	38,895111	-77,036667
Wichita, KS	511	517	523	529	535	541	547	553	559	565	571	576	581	587	592	597	602	607	613	618	623	628	633	639	Wichita, KS	37,688889	-97,336111
Wilmington, NC	200	208	215	223	230	238	245	253	260	268	275	284	292	301	310	319	327	336	345	353	362	371	379	388	Wilmington, NC	34,223333	-77,912222
Winston됩alem, NC	361	367	373	379	385	392	398	404	410	416	422	428	433	439	444	450	456	461	467	472	478	484	489	495	Winston됩alem, NC	36,102764	-80,260492
Worcester, MA	710	714	718	722	726	731	735	739	743	747	751	756	761	765	770	775	780	785	789	794	799	804	809	813	Worcester, MA	42,266667	-71,8
York됟anover, PA	340	344	348	353	357	361	365	369	374	378	382	387	393	398	403	409	414	419	424	430	435	440	446	451	York, PA	39,962778	-76,728056
Youngstown됭arren됙oardman, OH됧A	614	613	612	611	610	609	607	606	605	604	603	599	596	592	588	585	581	577	573	570	566	562	559	555	Youngstown, OH	41,1	-80,65